10 9
20 1211
30 858
40 209
50 3636
60 13328
70 2359
80 3207
100 96564
110 41920
120 19204
130 41474
140 38185
150 13340
160 19290
170 5365
180 2069590
190 260267
200 227269
210 590713
220 62070
230 634
240 42195
250 151951
260 270496
270 1711057
280 947487
290 159877
300 53029
310 1558688
320 1111
330 201380
340 101394
350 91518
360 1526398
370 141947
380 3087719
390 502804
400 526675
410 150893
420 6320298
430 516831
440 4565760
450 1098879
460 3107271
470 31697
480 668225
490 126670
500 6843535
